L ..1 Tomie XVI 111010 01101οη11001 (r. 1898) 10100 0 10101101 0100010-
0111001οω 01010001101110011 01101 10010101001010010110110. 01 1000 01000,
01101 01100100 101 01011010, 01010 1101110101 00110110 010 10 000 010010000,
0000101 00101 10101000 010 01010 01110110. 0010101000 111010 11. 110111001010
0011110 101010 0100110 20110οο01 010 00111010 0001011110 1101001010111011-
011100101όο 1 01110 11010010 0100010101 1001011οῐ 1111001οἣ0101 101, 101
Winc. 10101 0 01010010 1010101101 00010110001001001001 0111110010111.

11010 1010101011010 1111001010100 00101 0001001010. Ρο1001010 sam 10100
1 1101010 1010110101 11011001010010 01001000110010 0010101 10 010110, 00-
. mimo, 10 a roku do 1010 0110010 0011001 111010 1 011100100111000 0 nas
”“ mm Q] nffiogazvzaantarasuje 010, 10 10111010 - 010 1000 101010 0 (100010-
’ 0100 00101010000. W 1110 1010010 00001 0101000101000100000101111 001010
1 101000οη0 0101000, 01000 00101 101 010 01101 1 010 010101. 201000 0110010100ἰο
0100001001, 0 0000101ου10 11101 0 Ρο1000 0 010101 10111001 (11100011 Ρο10011011
, 1816 Nr. 232). Ganili mnia 0100111 Μο100100 1 Το01. 11101110001111881-21
· za to, 1011011 (0010111010100110 veientem 1011111001011. 1111010011 111011 010,
· 10 0101000101όο 10110101101- 10 1 1101 0010100 1011011 10001101010110
moja 01101 101011011110101, 011011001010 1 10101 011011010, 10 00001 01101010
· 101101101010, 010101101010 0101011010 1011010. 1101011οΧ 100 1001001 1001

, 100100011001 10 101100 111110 01 11011 R. 1001010 0110000 001111100οο00
11000010 1 1000101111 1111101011 10010110101101, 00 1001 0100010 w 1010.

. (1101 0100 1101 111010 00110010111110000010 100010101001010 010001
5,, 1110010010 101010, 0101001111 1110101 01001, 011111010 010010 111 0110100000,
1010111010, 10 01 001000 0101000 lat 1010110 111010 01000111 010 0111 5100101110,
11111 01011110 110111010010100 00010010, 010 1 0100101101 1010010 0000011000-
011010010011 0111001010

00111010 101110 0010001011. 11110 1001, 10110101, 0110010 100001010010
0011101 11110101 1001001010101, 1111010010101101 1010111 00100010 0001010011
raa, 0010010 0010101001 1011010001 0001000 0101000101οα 101100101010011010
0110100001010101110001 0101001 1010100100110111010001, 101 mi 1000 010100
01010010 10001111 0118681111ῐο 10010001 satrapa 000101101111001010
Ρο1011001, 10101101001, 01101 0110110011 010 1011110010111 1001101101.

[11010010 1000 11001000 111010 3111100011 01000010 010 0101101 10010101
11111010101, 011 0001011106 001 000000 1 asanaa 11011 000110101110. 0111111011
001 0010110, 0011001000οἰ 010 0011010, 11010 0101000 0010100000 10011010.

fitam

 

