vlll

0661616616 16 6166616 616 616 161616 od 61611161 6666661666161, 6166-
61161616 66 6661666. Τ616 616 16661616 66161 6161 11616616 111661616661. 016-
16161661666611616161661, 16 666 Ζ1116161166616666 (11616 1901 N. 6), ehoe
111661616661 111616616, 111616 616 6 1111611616161116, 16 6161 16161 66 6116116
666611 (1611611611611, jednak 1111111 do 11166161 61616166. 1161161131111
666 Κ6161 61161 16166 661616616 166616616161116, 6161661666 (016161616116166)
11116116 616 616611616166661 11116661 66111611 6116116616 66616661 161 11111116-
66161 a«.

Υ1111616616 16 (1 1616116 61616 6111 1661161661) 1661 66111661 6111661 16
1 16111116 1 11161161 1116161116 661616 1111111161661 6611616111 66161616616, 6 1616166,
16 611111 111166161661, 116616 6616 6661166ἰό (1611 11661161 16661161616166
6116611 161116166161111 1111116161 61616661166661 6166111616161111161116166116,
² Ζῖ111111111,111111111111.11,1111111111116 20 66 mm 616
11616111 1111616161. Ρ1666 66 16161 11616111 116161611 66161161 1901 1., 16
61661 6161 (16116661 biotae za 6611616116 1111611616 Eine 116661616166 161
die 1666161616 611616 2611 (1500-1800) 161 die 116666 6611116616 111161166116
166 1611616161, 616 [666666616166 1161116661661661161 66 161116166661161161
Belehrung... Karl 1611616161 161 1116116616 1616 12 ab einer 61616166166, 6161-
16616166 661616116166 Abhandlungen 661661666166, 16666161661166Β111161166116
1611111661, die 616116161 6166 616616616ηά6 [1616161611 1161 alten 111161616161166-
11611. - To 6116616 666161, 1661666 6616161611 61616666 moja, 616116 nau·
11616 666666616 1111611611 66 6166611616 61611611 11111666161, 1166 66 61666-
11616 11666 6116166666, 61616 66116616 6161, 11161616 16 6616616616111611161
11166616 1661 Ζ, 1166616666.

16161, mimo 6166666616 6661161616 666666616 1111611611, 6616661611
66161611 61616661 66616161111616661, 1111116 6161661616161161661 61116 66-
66616 66616666116116 Ze 6166616161611616 1611616 6661161166, 16 616 61616 161-
6116161, 6166161 616 da 616 66161161 6166661661, 66166 161 16166661 66 66-
116166 do tej 1611611. Ze 6666661 6616116 616 161116 66666166166, 161661616-
66116166616. W nr. 14 Kur. Warszawskiego 1. b. 6161616666 w Warszawie
16116666 61661 6166666616 mi osobnika, 11616616 66 116166 666611666 611616,
16 66 r. 1862 1161 6116161 1 6161161616616 6616116161 do 616161 1111611611
Chluba, 61116161 61616 616 616 11661, 6166161 661666 6111111616 1661611161 16-
611611616661616 61161161 6616161616616.

W 661616161 161661 616616616116 616 611661616 16616 611616661 6 666. 161161
66 drugimi 66616166 616 616 1111161611 666166661. Tem milei mi 6611616161ιό
1161, 1116161616 6666616616 61661616 116611611161111161161666661

11611 6. Α. 1161666111 1 1161166, 1666616166111161 6161616166 6116161116
1666661 6616661616, 6116161111616 1 r. 1891 6166616661 6616111116ιί66 6611-
616116 11666161 6116161.

Ρ66 1111161666616111, 1111161 66616 6 66166661 66661 1111161161, 16666
6161116161 6111161 1666661 11161616166, 616111 1161611 61661616161 61611161
1 11661116 16661116166161 611 666611661661661 (1898-9).

Nie 1116161666 1166111661 61166611 mi prof. 011611.Βί11166616161,6.11166-
kowski 106116116 i 1111116116. 1161116 1 1161666116 (1901)), 1116161 61616
6161161616 16161 1111611611 1 6611611611 666661616616

Ρ66 Dr 16661 Κο1666161611, 6166616 1661666 1111616111 161161666116115161
Ι 1161611111161161616 6116161 11616616 Β616161611161, 66161661 61616 66166161
6166161161 1116111111 6 11616116161, 61161161 11616161 6616666161666611 sq 61666666
161 aen 6166.

 

