1001] 1101113101 1111111 011001111111 1
1011110111 00101111. widaielifimy 31111111
dobyt‚ 3111101111101111 poiman, 00 010
potym 11 1011111111 1111110110101 w woy-
1111 w 11111110111111, 110111, 1111011, 110
111 111011, 110 y 11111111.

k. 11111]Ι 01111. 111110 111101, 11 pod Pndwiq
11111 1111011111 by! pojmany.

k. Hiiij odwr.: 'Pych 010 1111011 00 11111]
1110 111111 1110101110, 11131011, 11101110,
1111 y 11 10111, yw polu, 1110 11 11111-
111011111011 1011011011 110 11 00111011 11-
1111111111, bo 11116 111111 1101, 1111111
Pan, 1011111110 111 1111101 pnymiom
1 1101111, 31] 111111, 1111010 11110111 (1111)
11011111101010, 110 1030 1111111111. 1110111111·
1030 1111110111, 3111111 110 na Budzyniu
(1111111 01011) 110301101110111 1101111, 111011
w Ρο110111111111(111) 01110πί0110, 111100
1110 nam 1 11101011 ,1110111 01131110, 10111]
pnes 11101 0011111111 1101Ιὶ; Δ 111 111011
110111 11101111 11111, 10 1110110111 10111011
111 111011101110101, y 10 1111111 y do
111111, 110 11111 11030 11110111... (111010-
11111011, 0011 0110111 111101 11111111, 111-
1001 110 10 1110111010 wojny w 1103110011.
Ρο11011111 1111101110 11101] Ρο1011111, 110
0101 Ρο11111 w wielkiej Ρο1100).

k. J odwr.: 0101010110111111011. 1111030
01111111 110 moze, 101 110 110 11110
1111110001011101110 1001111, 11 111 my
00013011101011111 1101110111, 1111 10101011,
11100111010101101111111111111, 1011 sam tu
1 111 11111111, com 11031101110 110111-
11111. 311110 11101110] na 01111111 11111πί00110
1111111061 1111111111011101111, tam 010110
10311111, 101111 1111110011001, 1111110
111110111Τ111011030 110 0111111. Δ 1111,
10101 110 1103 110 w [ym przybytku 10110
0131101111 1111011111, 110 11111 11110111 1
0111110111 11001, 11101101 1110110 1110
1011111, 1110 1101101111, 110 31110111 111110
1011 10 10011111 1111110 1101111111110, 11-
31111 10111111 30 11111111 1110101130,
1030 mi 111οη.

1111111 odwr. 0111111111, 1111101 11111-
1011 1111110111 1111011111 1111111113.

k. K: 0110111011 1111011111030 110 31101111.
(111110 11111, 11 11111030 1101130 110 ρο·
1111111030 0110111011 01101111 11111110
11111, 111131 1111 30 1111101111 wem caym
1101011, 1111111011, 11011011, 1010111 1111110011
1011111110 01010110, 11110 przy tobia 111
0110111111, 11101101101110 111100111010-
110, 111 11111110 11011011111111ε 1111110-
tam 110 11110101 11 11013011, w Angliey
11 10111111 11103111111030, y innych, 110
ehoe, 1111100111 10 1030 111111

k. K odwr. 101113111110111111. 10111
1011111011 110 1111111, 110 1111111, 110
1111111111 1101030, 1101111 1110 0111110111,
10 1101011 1011 11111 0111110130, 111

11111, 11101101 111101, 110 101 1111101311
1111101 Α 1111 y 1111010 y 1110111111
11001 1011, 011301 111113 a 3111100111011
1101111, to 00111οῐ1 11011111110111 Jahn
011101 11010, by moy Synowieo 1101111111
nie 11111011, 1101101110 11101 Ρο111ἰ 11111-
11101 11011110.

anysoy 111011 1011110101 1110110311. Α 101

1011 0110111011 1101110Ιί1030 0110113, 11 ka-
11] 1101111011οι1 ehoe 1 panem 111, 111
31] 1111011 11111101 10113. 100110 110
1110 1111110111, a 1111 1030 011100 111011.
111 11111] 11111111 0110111 y powinowaom
111030, 1111111 10 10 1111 y 103111 11011
10 10 11111110 111011 Bassa [11101 Canem
11011. 1011131010 wy 1110101110,311010-
010 110116, 110 110 1111111 11110011 Gdym
30 111111 1110011110 11111111 1101110 01·
1101110111) 11 111111 11111 1101111011 byc'
01100, a bodny uby 10 110 [11111111 hyla,
0 01011 w 0101111111 11101111, 11010111
napotym pnyzwolitem.

k. Kij odwr.: 0111111101111111. (1110131.

1103 11110110 tam 31110 10110 1011111
1101101011, 111 1111011011,111 0110101110-
110 ku pomocy 1110111011, 1111] 101110]
111 110, 111110, 1 10 11111011 00 11011
111111100111110 111110, 1111110111 11111110
010111, 1011 10011111, 11113111110111, 111
1111] 111111 110 0 0011111011 110011111111,
1161] 1111010 bije, 110110111101100, lo·
0110 111110 111 110, bom 1011 ’11111011 111-
11101, 3111 101101· 01101] 1111311 1ἰο 111031,
1111113 1110111313, y konio‚ 1111311110, y
1111111111 1031, uby 111111 111 110311, 11-
tym 110 1101111) 11110 11 0110113, y 0111011
1030 11111111 11 11011111 111113, 1011

10 1101111 1011 11111110, pieszy 0111111
11110111010111011 10 1101111110 ku [101111-
1110. (Ten punkt 1111110110 1101110 10 ,1111
’11100111111031 11161] markam wojowal. ’
1111011 Portugalii 1111011111, 11111101

111 1111111111 1111111111 1111110. Wspu·
11111101 1111101101 L. i 11011111, 1111111
111011. 01100101111 w Zyciu ’1011011011030
1101011101 11101111 1111111111 noveio).

1. L. 011111 1101011101110101110111. ,1001

101110101011, 110 10111110 0 1111111110-
31, 111110 1110111ἰο 1101111111011111, 110
0111111111, 01111110 1101011 y 1011111111
1111111 001110111011 11111111, 101 1030 011-
1111 11011010. Mamy 110110 11111ίο11 11111·
10301011111, 1 1110111 111010 1011011 11
1010111011 1110110101, 311101] 11011 1101101
11 11001101 1111111, by 101 1110111011 111, 10-
110 11030 1101110 110113, 1111111011 10·
10111010110,γ1111110110; Α 111, 31111
1111011 1101101111 1011101111110 11111110·
1111, 101011110110 wod: 10111011 11011οῑ
1010111111111111 110 1111301110, 1011111
1110111 11011 mayn.

1. 1111]Ι 0111111 Co 11101 Pan 1111 01111111Το

11111030 nio 101101, 11 101 10 nie 101 111-1 nie 111 11001 110111, 00 1101 11111101, 110

 

